MPlay3Settings
Version 4

Volume: 1.000000
LastPlayingSong: 8007
ColorPalette: 1
GenreArtistEdgeXPercent: 0.211233
ArtistAlbumEdgeXPercent: 0.404927
AlbumSongEdgeXPercent: 0.620092
WindowDimensionX: 1565
WindowDimensionY: 1081
Looping: 1
Shuffle: 0
Palette: Pink Dreams
Text: 100 3 100
ForegroundText: 20 3 20
ErrorText: 240 12 12
Foreground: 248 189 252
Slot: 228 169 232
SliderBackground: 240 200 240
SliderGrabThing: 252 141 243
ButtonActive: 214 38 211
Selected: 209 141 252
PlayingSong: 252 141 176
Palette: Sunrise Yellow
Text: 116 14 4
ForegroundText: 125 22 3
ErrorText: 170 11 22
Foreground: 254 228 86
Slot: 254 246 115
SliderBackground: 238 249 87
SliderGrabThing: 250 175 38
ButtonActive: 243 245 40
Selected: 250 237 65
PlayingSong: 254 180 27
Palette: Lush Green
Text: 144 176 128
ForegroundText: 144 176 128
ErrorText: 170 11 22
Foreground: 3 25 3
Slot: 11 15 14
SliderBackground: 3 22 3
SliderGrabThing: 10 40 3
ButtonActive: 25 56 18
Selected: 8 30 8
PlayingSong: 23 45 23
