MPlay3Settings
Version 4

Volume: 0.104167
LastPlayingSong: 13
ColorPalette: 4
GenreArtistEdgeXPercent: 0.178687
ArtistAlbumEdgeXPercent: 0.406721
AlbumSongEdgeXPercent: 0.623986
WindowDimensionX: 1517
WindowDimensionY: 932
Looping: 1
Shuffle: 0
Palette: Pink Dreams
Text: 100 3 100
ForegroundText: 20 3 20
ErrorText: 240 12 12
Foreground: 248 189 252
Slot: 228 169 232
SliderBackground: 240 200 240
SliderGrabThing: 252 141 243
ButtonActive: 214 38 211
Selected: 209 141 252
PlayingSong: 252 141 176
Palette: Sunrise Yellow
Text: 116 14 4
ForegroundText: 125 22 3
ErrorText: 170 11 22
Foreground: 254 228 86
Slot: 254 246 115
SliderBackground: 238 249 87
SliderGrabThing: 250 175 38
ButtonActive: 243 245 40
Selected: 250 237 65
PlayingSong: 254 180 27
